3617
3617
3617
3611
3611
3621
3637
3637
3637
3637
3637
3625
3640
3640
3605
3605
3650
3650
3618
3618
3618
3604
3604
3604
3604
3604
3604
3604
3645
3645
3646
3646
3646
3613
3613
3632
3632
3632
3616
3616
3616
3620
3620
3620
3638
3638
3638
3624
3624
3641
3641
3641
3626
3626
3626
3626
3603
3603
3631
3631
3601
3601
3601
3601
3613
3628
3628
3603
3606
3622
3622
3622
3622
3633
3633
3607
3607
3608
3608
3635
3634
3634
3634
3610
3610
3610
3623
3623
3642
3642
3636
3639
3639
3630
3609
3614
3644
3648
3659
3615
3647
3627
3627
3612
3626
3623
3638
3627
3606
3601
3602
3636
3652
3639
3659
3604
3641
3641
3623
3605
3623
3633
3639
3614
3618
3615
3633
3635
3603
3604
3607
3622
3622
3606
3639
3605
3642
3619
3608
3601
3638
3627
3614
3618
3640
3626
3637
3625
3636
3618
3645
3602
3648
3610
3633
3612
3635
3639
3618
3622
3617
3611
3647
3631
3617
3608
3608
3619
3605
3618
3618
3618
3610
3647
3616
3641
3622
3604
3620
3636
3612
3620
3639
3634
3631
3631
3606
3657
3636
3618
3628
3618
3605
3606
3606
3658
3617
3625
3625
3601
3618
3613
3607
3619
3657
3616
3625
3601
3613
3614
3636
3636
3634
3607
3624
3606
3618
3608
3633
3641
3634
3641
3639
3633
3645
3624
3619
3626
3634
3631
3631
3619
3618
3638
3636
3625
3631
3601
3639
3611
3614
3627
3625
3655
3609
3649
3604
3634
3609
3633
3604
